-5.264 -7.858 -0.014031
2.608 -3.181 -0.803094
6.378 4.083 0.507483
-7.055 7.057 -0.210802
-7.266 -8.657 -0.337445
-0.445 -0.102 3.862657
2.642 -3.006 -0.757868
-5.506 5.395 0.513428
-2.723 -6.507 0.395172
2.419 -6.547 0.367702
5.300 9.749 -0.358624
1.932 2.300 0.182652
-0.077 -7.575 0.507667
4.144 -4.708 -0.007043
-8.990 2.138 0.079305
6.594 -8.343 -0.351896
-4.657 -4.847 0.252685
-9.355 6.808 -0.290292
-1.827 -8.773 0.199761
0.481 7.854 0.508293
9.200 -1.805 0.021129
-8.174 -0.069 0.464370
6.069 -6.058 0.350544
8.525 8.981 -0.058961
8.550 -3.602 0.062990
-4.909 -3.410 -0.201502
-3.501 2.140 -0.799367
3.359 -7.464 0.462225
-5.270 4.274 0.283650
1.364 0.652 2.641277
-2.069 -9.813 -0.226428
2.575 3.628 -0.868071
-1.256 9.819 -0.184655
3.602 2.390 -0.855990
-7.869 -4.953 0.054567
8.500 -4.325 -0.046849
-0.841 0.852 3.111153
7.811 -4.576 0.160728
3.315 8.847 -0.009642
-9.552 3.616 -0.277866
2.494 3.831 -0.866344
-3.439 6.182 0.402113
9.776 3.962 -0.341891
9.500 9.606 0.239740
6.109 -4.809 0.512878
-4.994 -4.151 0.129158
-1.962 -9.410 -0.077756
5.759 1.222 -0.262410
3.597 5.168 0.008416
-0.608 -5.179 -0.672553
-0.512 6.836 0.315763
8.121 2.168 0.405417
-7.324 -5.876 0.015128
8.081 9.661 0.009193
9.521 1.281 -0.075579
6.538 -4.522 0.500893
5.578 1.383 -0.355658
-4.942 2.547 -0.475897
9.178 8.071 -0.110472
6.786 -0.785 0.305285
1.936 6.552 0.305510
5.954 3.230 0.278069
9.287 -5.518 -0.363413
7.730 -5.323 0.016797
4.185 3.352 -0.593932
-3.443 -6.518 0.480737
-2.896 1.012 0.096484
1.086 7.103 0.436758
-4.560 5.947 0.499593
-6.167 4.054 0.482395
5.456 -6.053 0.469539
-6.307 -1.131 0.077295
-0.104 7.770 0.512963
-0.567 4.129 -0.820857
4.378 -9.551 -0.336179
-7.726 -4.803 0.141385
5.715 -7.148 0.118041
-4.284 3.269 -0.578688
-4.744 -3.873 -0.103316
-9.299 2.359 -0.070191
-9.586 -0.348 -0.069608
-5.738 5.876 0.455981
7.465 -4.881 0.217308
-0.235 -1.626 2.427934
8.763 -2.620 0.120062
6.888 -1.861 0.421920
-2.489 -7.332 0.513416
-0.561 -3.786 -0.661670
3.169 -5.168 -0.144650
-0.837 7.493 0.504545
-9.325 -9.798 0.242204
-6.357 -0.488 0.058152
-3.432 1.714 -0.667539
6.426 -5.436 0.401920
5.150 -7.088 0.281156
7.510 -9.244 -0.205020
7.817 2.469 0.459370
-7.705 -2.367 0.485705
-1.322 9.827 -0.190197
7.151 -7.999 -0.359679
9.585 2.607 -0.196033
9.694 9.578 0.256164
-2.299 6.396 0.288964
1.925 -1.933 0.589098
8.741 7.537 -0.296149
4.353 7.333 0.366589
8.992 9.564 0.161968
9.200 2.241 -0.018595
9.249 -6.116 -0.359206
0.843 -6.159 -0.042944
-6.203 5.350 0.460763
1.617 -5.516 -0.354765
-2.449 -6.669 0.412029
-8.927 -7.491 -0.271522
4.483 8.929 -0.214936
-3.139 -7.867 0.385500
-9.532 8.939 0.147003
5.319 -5.846 0.505480
3.669 7.204 0.481683
9.926 3.104 -0.318425
5.583 3.972 0.314239
5.730 -3.536 0.258241
5.875 -6.113 0.382813
7.874 1.592 0.489923
-5.868 3.235 0.242276
2.351 -4.053 -0.853329
1.653 -2.922 -0.254190
7.110 -3.720 0.491283
-3.602 6.894 0.512768
-8.364 -7.617 -0.335991
4.237 -0.655 -0.850057
-6.861 -8.962 -0.339452
-0.398 -3.192 -0.093286
-2.539 5.782 0.020245
-1.319 -9.707 -0.148192
2.840 -1.874 -0.303189
-1.712 -4.644 -0.785498
-5.356 5.832 0.504110
-6.503 -8.345 -0.345828
9.222 3.899 -0.221622
-2.782 -3.236 -0.846113
-5.041 -6.144 0.501070
-5.206 -5.140 0.469361
8.701 7.010 -0.352348
-3.234 -9.066 -0.082699
-4.352 -2.739 -0.707029
2.928 -8.883 0.030658
-9.147 9.112 0.104739
0.799 -0.224 3.556908
-9.558 -3.504 -0.269352
-8.370 -6.011 -0.299190
-9.309 -1.940 -0.035416
7.076 6.029 0.055302
3.076 4.502 -0.541510
9.657 -5.525 -0.356468
3.425 3.620 -0.773371
0.135 -5.408 -0.566711
3.300 -1.334 -0.455973
4.928 8.584 -0.184131
1.726 5.662 -0.240523
6.686 6.357 0.085729
5.399 5.272 0.505154
-8.837 -2.583 0.094076
-4.504 -5.126 0.301533
-6.503 4.527 0.503613
9.208 -3.542 -0.173124
-2.970 -0.257 0.214732
-5.870 5.959 0.417334
7.792 -6.544 -0.268212
3.626 -0.332 -0.526210
-2.223 -2.923 -0.550982
-8.713 3.337 0.040675
0.133 9.968 -0.207595
-7.367 -0.399 0.481937
9.381 -8.740 0.078667
-7.852 -0.649 0.507528
9.816 7.187 -0.128061
3.805 -7.330 0.445307
5.181 -5.464 0.503587
3.186 4.972 -0.249830
-7.237 -9.130 -0.272218
-0.670 -6.047 -0.130297
-4.975 -7.873 0.047796
4.432 -7.002 0.438193
-8.094 8.229 -0.295975
9.523 -3.355 -0.246522
6.907 -2.682 0.487401
4.241 -6.243 0.505232
-9.913 9.262 0.248175
8.842 4.010 -0.115472
-8.892 -0.971 0.206630
-3.446 3.316 -0.834217
5.439 0.581 -0.531472
-5.595 -6.163 0.428554
6.840 1.895 0.409941
0.666 4.176 -0.837397
9.282 -8.260 -0.045330
7.004 -4.606 0.412039
-8.620 -1.155 0.305948
3.495 -1.520 -0.651644
6.514 -5.937 0.260609
-5.382 -1.123 -0.514454
-8.283 -3.820 0.130984
4.341 -6.283 0.511482
-1.501 -8.028 0.465967
-1.564 -2.634 0.101965
-1.311 -8.849 0.206243
2.154 0.921 1.222910
8.460 6.816 -0.365006
1.365 1.277 2.045728
3.626 2.037 -0.818121
5.306 5.380 0.506065
9.368 -6.804 -0.288429
-0.949 5.316 -0.572339
-2.513 -9.281 -0.078691
3.843 9.832 -0.342908
-5.668 7.800 -0.089150
-6.610 7.931 -0.303465
-7.494 -2.231 0.511265
4.267 -9.829 -0.358745
9.495 -9.280 0.196387
8.549 3.268 0.117754
6.327 -9.985 -0.229561
6.788 3.656 0.513437
9.413 -0.705 -0.006373
9.475 5.619 -0.363041
8.649 0.630 0.315295
5.096 9.606 -0.365134
-5.040 -5.577 0.502174
2.918 6.379 0.380998
-9.636 1.701 -0.144190
8.627 2.604 0.178239
-6.291 -0.597 0.023055
0.941 3.500 -0.512399
-4.803 9.316 -0.332292
7.327 -1.795 0.504891
2.824 -8.746 0.101046
6.938 3.440 0.513406
-6.148 1.134 -0.020122
-1.085 -8.865 0.212335
-5.546 4.547 0.432772
4.149 -4.382 -0.163323
0.645 6.470 0.133390
-1.344 5.998 -0.088294
3.622 7.732 0.363004
6.677 -0.629 0.244802
-7.350 8.867 -0.301215
-8.380 0.473 0.408886
-1.388 -8.034 0.468833
-7.001 3.401 0.512633
-8.662 1.178 0.288790
7.449 1.025 0.502457
-6.135 -7.555 -0.124372
1.989 -2.270 0.163051
6.718 -6.855 -0.071969
-2.376 -8.903 0.090446
5.368 2.225 -0.313215
-8.572 -1.844 0.278354
3.974 -8.527 0.007406
-4.770 -8.172 -0.015896
8.542 -1.446 0.318583
-0.978 3.203 -0.245886
-7.386 -7.587 -0.346843
-2.777 -4.757 -0.507982
-1.364 1.704 1.500451
5.915 3.575 0.340344
-1.898 6.836 0.409047
9.191 9.964 0.246543
-6.383 6.291 0.199293
2.710 4.112 -0.794110
-3.998 -2.189 -0.867153
-7.375 -0.594 0.485556
-0.441 5.107 -0.714409
-2.023 -1.765 0.657290
8.622 -9.313 0.039314
-5.315 -7.509 0.096912
-1.467 5.453 -0.421079
9.277 -5.091 -0.346102
4.147 -4.330 -0.189348
0.458 6.840 0.315697
-0.998 -2.043 1.342129
-3.332 -1.908 -0.669495
-1.714 2.897 -0.264752
7.732 4.480 0.210093
8.707 -2.088 0.202552
-1.266 -1.316 2.118896
-1.588 -9.981 -0.249451
4.258 0.052 -0.844077
-9.940 -0.903 -0.211633
-8.915 -1.014 0.194955
-9.802 2.279 -0.237006
7.514 1.508 0.512523
-1.966 0.110 1.872980
7.386 9.653 -0.131690
6.764 5.084 0.387987
6.976 3.314 0.513497
0.554 3.191 -0.120144
2.861 -0.858 0.206259
0.313 9.092 0.141222
8.879 -7.842 -0.222668
1.386 5.557 -0.368540
0.321 -4.330 -0.858781
-3.727 7.783 0.331056
3.481 5.149 -0.043378
5.530 3.223 0.073087
-1.331 1.665 1.588623
9.939 7.542 -0.028744
-5.165 0.523 -0.683932
7.109 7.336 -0.278328
3.921 0.720 -0.750329
5.609 -9.769 -0.342341
-6.948 0.843 0.375064
-0.239 -7.003 0.378108
2.721 -2.956 -0.764885
-1.769 8.278 0.387239
9.061 8.704 -0.000565
9.529 0.597 -0.051284
-1.646 7.419 0.509413
-2.458 -7.761 0.471357
-8.117 -5.064 -0.059301
-9.752 9.639 0.265663
9.268 5.651 -0.364852
-5.297 -9.105 -0.339977
8.394 -0.692 0.400374
1.446 5.065 -0.645694
-9.921 -0.480 -0.195920
-8.553 3.813 0.025541
5.584 3.728 0.248960
8.719 -3.909 -0.054615
-4.901 0.240 -0.799832
-8.286 6.435 -0.333858
-4.665 -2.049 -0.728397
6.637 7.530 -0.229363
4.342 4.405 -0.062870
-4.203 7.653 0.292988
1.676 -2.223 0.502949
4.125 3.621 -0.519807
-7.955 8.448 -0.282853
-3.022 -0.116 0.154527
-9.446 -4.242 -0.309654
-7.643 4.357 0.266864
-2.319 -4.410 -0.773787
0.670 1.654 2.190845
2.098 4.398 -0.810403
-4.853 -5.687 0.497286
-0.526 -4.704 -0.844927
6.059 -7.329 -0.035452
5.382 -8.141 -0.134644
1.837 3.978 -0.863428
-9.581 -4.775 -0.357957
-9.758 1.408 -0.170832
-4.303 -9.838 -0.360188
2.691 3.575 -0.868782
-3.207 5.687 0.148986
-5.127 5.176 0.462668
-5.688 -4.107 0.381196
6.783 9.397 -0.286034
-0.827 -3.408 -0.407555
-4.706 2.703 -0.556888
-9.259 3.402 -0.172505
2.390 2.631 -0.451483
-4.051 6.907 0.493700
-7.813 -0.782 0.509417
7.507 -9.492 -0.148271
-0.121 0.688 3.682957
9.344 6.605 -0.315115
5.707 4.020 0.367991
7.408 -3.295 0.477590
-2.897 1.028 0.087677
-6.073 -8.878 -0.361280
-7.878 0.565 0.505969
3.286 -6.141 0.361740
7.286 -2.506 0.513394
7.626 8.312 -0.340327
2.962 9.037 -0.036049
-9.711 9.418 0.242471
9.417 9.134 0.160064
5.251 -2.112 -0.412702
6.649 1.430 0.291211
0.639 2.109 1.463193
1.140 1.531 1.977796
-5.500 3.392 0.109737
-7.355 9.127 -0.255213
0.894 -9.855 -0.183448
-5.856 0.634 -0.259922
-5.516 -3.365 0.109433
-1.911 2.971 -0.431650
-8.282 -8.072 -0.291171
-7.945 -0.917 0.494915
-3.263 -5.342 -0.015269
-3.060 5.856 0.192619
-9.858 -0.752 -0.180208
-9.177 -4.963 -0.324280
8.732 9.183 0.033089
-8.384 -2.209 0.315894
-5.663 2.994 0.076388
1.620 3.505 -0.682911
-0.103 8.559 0.355743
7.136 -6.512 -0.096564
-9.131 -8.654 0.004323
-3.778 0.171 -0.632200
-9.868 -7.772 -0.001880
7.756 -7.563 -0.364375
4.476 0.492 -0.868893
-5.098 -2.278 -0.461538
0.827 -2.329 1.004246
-3.881 1.484 -0.816952
-9.676 -2.182 -0.191228
-3.171 -5.318 -0.059289
8.370 -0.143 0.415409
-5.114 9.905 -0.354680
8.780 -2.381 0.141590
-7.054 -3.268 0.512874
0.167 3.206 -0.085557
-9.118 -3.006 -0.072905
2.670 9.299 -0.102385
1.367 -9.459 -0.055123
-6.839 6.034 0.131544
1.735 -7.867 0.486363
-2.946 -1.925 -0.419213
5.269 -9.902 -0.347965
-5.157 -2.491 -0.368420
5.016 7.372 0.218273
1.484 -1.819 1.214802
-6.721 -4.465 0.484345
6.767 7.106 -0.154035
9.883 2.506 -0.273332
-5.228 -1.430 -0.561009
2.368 4.459 -0.747860
-9.431 6.556 -0.307273
-8.785 2.658 0.106200
-7.742 1.116 0.511103
3.238 -4.225 -0.615590
-3.515 4.305 -0.477530
6.261 8.353 -0.325279
-4.430 -8.680 -0.129131
8.216 6.020 -0.270681
-5.646 -7.541 0.001809
-6.227 -1.906 0.139234
4.897 1.512 -0.715043
1.642 -1.812 1.048310
7.151 6.244 -0.029118
-4.347 3.448 -0.483023
-6.253 6.553 0.158627
-7.238 3.058 0.509055
6.990 -4.042 0.483474
1.088 -3.384 -0.451826
6.220 -7.963 -0.248826
-8.884 -6.976 -0.338325
-6.357 -8.578 -0.355813
-6.807 -9.487 -0.266321
-3.233 -5.000 -0.216862
4.432 8.422 -0.038580
-4.441 -1.068 -0.866578
-1.844 -8.647 0.249064
-7.540 -2.886 0.483658
-0.987 -3.646 -0.628786
-6.625 -9.285 -0.321613
-3.130 3.714 -0.814808
-2.242 -9.599 -0.170072
2.629 2.026 -0.213018
5.935 6.886 0.144323
-0.921 8.131 0.462595
1.767 -4.573 -0.801110
9.910 -7.433 -0.057325
-1.198 9.890 -0.205417
0.019 -8.839 0.250146
8.013 -7.992 -0.335239
-9.768 -6.638 -0.232409
-4.722 -8.537 -0.133301
-0.443 7.972 0.496770
6.702 2.414 0.418153
-1.888 -3.125 -0.534246
9.917 -7.913 0.037878
3.832 -2.589 -0.861556
9.488 7.074 -0.225816
6.096 3.986 0.462235
4.539 -7.063 0.408230
9.394 9.591 0.225554
6.739 -7.226 -0.178177
0.151 -2.192 1.475670
6.751 0.338 0.271301
9.849 5.964 -0.301795
7.302 -6.635 -0.173109
-2.447 -9.974 -0.291258
-9.043 2.716 -0.007277
4.993 -8.099 -0.037766
0.768 2.963 0.105212
7.284 -0.282 0.463701
1.877 0.052 2.030378
-7.539 1.769 0.513411
2.240 1.653 0.503213
-7.087 4.684 0.377524
0.561 5.837 -0.277508
1.861 -3.492 -0.735649
-0.406 -6.307 0.023118
-2.004 5.276 -0.423050
-7.095 1.523 0.455652
-8.585 -6.285 -0.352389
3.251 -1.783 -0.578278
-6.040 0.725 -0.130541
0.668 3.475 -0.436684
7.104 -9.784 -0.151338
-1.565 -7.563 0.513497
-9.502 -2.027 -0.118133
-5.015 2.426 -0.469190
4.306 -2.856 -0.695490
-0.054 7.347 0.476063
8.457 -7.009 -0.364152
-7.615 -4.568 0.233388
-8.066 7.522 -0.362465
9.422 -4.076 -0.290397
-4.772 4.621 0.212083
-6.695 -9.678 -0.243518
-0.920 -3.664 -0.629210
-4.897 -6.164 0.507975
2.641 0.893 0.497469
3.108 2.651 -0.792526
4.159 -6.883 0.488671
-5.900 -7.360 -0.003370
7.350 -2.145 0.512275
-4.407 5.153 0.281504
6.539 7.020 -0.070019
-2.839 5.489 -0.067131
-6.273 -9.093 -0.361616
-0.981 9.698 -0.130304
0.692 4.393 -0.867979
-4.068 5.331 0.244476
-0.746 -1.375 2.557009
4.615 1.743 -0.791063
-7.170 -1.133 0.456253
-7.273 -4.385 0.378270
2.408 -0.913 0.834070
-2.405 7.281 0.512641
0.047 -6.070 -0.139416
-7.209 -6.503 -0.115567
-6.943 -1.294 0.397962
-9.322 -7.701 -0.151181
-8.043 -2.000 0.438016
-0.932 5.536 -0.442181
5.351 -6.448 0.413162
0.099 -5.267 -0.645028
-5.160 -7.991 -0.036676
9.465 -4.099 -0.301211
-6.895 3.189 0.509234
4.126 8.914 -0.157579
-1.726 9.481 -0.087179
-3.384 7.076 0.509939
7.701 -3.006 0.443276
4.079 2.525 -0.830745
4.287 9.105 -0.236923
-9.846 -6.940 -0.165259
-1.533 -7.010 0.433979
7.843 6.058 -0.188357
-1.015 -0.182 3.328256
1.470 5.072 -0.638448
-4.421 9.174 -0.270351
-4.120 -5.241 0.224292
6.706 -1.615 0.334580
-9.022 9.751 0.198057
-4.560 7.343 0.325840
9.752 3.089 -0.281870
6.648 -0.532 0.226076
-2.111 -0.136 1.617468
8.583 9.424 0.056198
3.130 -8.329 0.225926
-7.982 -1.785 0.463395
-7.534 -2.494 0.502331
-9.952 6.301 -0.240708
-4.685 6.746 0.455912
-8.330 5.330 -0.181215
-9.202 9.805 0.229259
-7.714 -0.855 0.513174
7.249 -7.873 -0.357797
-5.755 -5.344 0.509325
-7.938 -2.881 0.393343
0.541 -6.761 0.282622
0.033 -6.351 0.042482
-5.188 3.250 -0.104692
-1.712 -6.250 0.121187
-9.258 4.310 -0.277536
-4.056 -3.872 -0.446122
4.009 3.963 -0.427163
-3.375 1.137 -0.457915
9.896 -2.648 -0.285242
1.947 -7.195 0.494215
-0.315 -9.483 -0.026742
4.110 -6.434 0.511360
-1.025 -2.040 1.327213
-4.287 7.309 0.384382
1.035 -4.914 -0.758740
-5.072 -3.631 -0.028962
-1.686 -3.845 -0.829598
-5.865 8.101 -0.217979
5.251 -1.631 -0.513827
-9.819 -3.371 -0.315001
-4.508 2.711 -0.649119
4.342 -4.566 0.011395
6.651 -7.828 -0.291764
-9.844 6.381 -0.252788
-4.272 -2.015 -0.846846
-2.784 0.805 0.333497
-1.674 -5.514 -0.345080
9.084 -1.683 0.080211
-5.228 -6.756 0.361556
3.407 -1.096 -0.473680
-3.718 -2.937 -0.843882
-7.590 -6.008 -0.104294
-5.707 4.496 0.457971
-8.152 -7.929 -0.327054
6.077 5.495 0.460443
-3.438 4.521 -0.399534
-0.228 -1.186 3.095775
-9.228 7.250 -0.251712
-8.041 -8.206 -0.306659
-8.793 3.786 -0.061738
0.891 -6.835 0.332396
-8.774 5.436 -0.302875
8.519 -0.532 0.364040
4.026 -5.862 0.414520
-5.574 5.743 0.494256
-6.911 3.636 0.511704
-5.187 1.099 -0.627175
7.974 4.601 0.094226
9.634 -0.211 -0.087064
-6.414 9.317 -0.336141
-8.978 8.422 -0.082459
-8.951 1.573 0.145238
-3.855 -0.074 -0.679700
-1.697 7.361 0.505862
-2.423 -5.097 -0.423128
8.555 -7.969 -0.262666
-5.645 0.984 -0.366661
-5.297 -0.484 -0.617744
-3.191 -9.181 -0.119630
-2.132 -0.763 1.357956
8.315 9.329 -0.022405
8.144 -3.647 0.215599
-2.916 -9.169 -0.081147
-4.295 -9.066 -0.227582
1.119 -3.312 -0.397000
0.390 1.717 2.231579
-0.550 -5.932 -0.214929
-2.115 0.053 1.616452
-7.201 6.484 -0.108414
-9.368 9.678 0.233243
6.771 -3.299 0.503741
1.596 -2.081 0.756099
0.714 -7.343 0.481829
-1.000 -6.013 -0.122334
-4.630 -2.978 -0.509973
-9.836 -0.051 -0.162537
2.438 -9.003 0.041882
-7.422 -9.971 -0.043838
9.174 -6.976 -0.299589
0.315 3.857 -0.688071
1.156 2.971 -0.058029
-6.076 9.277 -0.359120
-3.656 -7.523 0.417435
-8.063 0.360 0.484025
-6.452 -7.955 -0.284867
-7.919 6.238 -0.242150
8.431 -4.490 -0.052981
0.358 -3.625 -0.527205
0.186 -7.474 0.497358
-3.905 -2.083 -0.866951
2.000 9.681 -0.180039
-8.903 -9.270 0.087981
-1.578 -9.127 0.070037
-8.972 -4.236 -0.192280
2.784 -2.436 -0.572519
-2.860 2.359 -0.578495
-2.224 -0.459 1.347228
-3.520 -9.875 -0.332625
-7.684 -3.180 0.430529
-1.299 -8.989 0.148023
-2.170 3.297 -0.730654
7.596 7.202 -0.330126
-2.925 -7.217 0.512506
5.488 -9.548 -0.363145
8.619 -1.945 0.251379
-1.411 -1.501 1.713752
0.122 3.530 -0.431173
1.471 -5.836 -0.173861
-6.482 2.203 0.311672
8.752 2.779 0.104505
-4.754 -2.537 -0.579035
-7.857 -6.446 -0.264797
-5.362 0.427 -0.584222
-9.030 0.519 0.164205
3.600 3.389 -0.787295
-5.708 8.655 -0.312185
0.710 0.046 3.671357
2.748 0.856 0.361494
-7.156 -6.906 -0.199973
8.262 -8.675 -0.184898
-2.519 -0.164 0.916669
-0.288 1.049 3.256448
-1.216 -3.576 -0.628948
-7.284 0.959 0.476010
0.603 -8.644 0.317818
-8.368 -1.576 0.370638
9.514 8.861 0.129667
1.911 -7.319 0.506752
-8.977 -7.219 -0.300700
0.938 -5.165 -0.654886
-7.943 -8.397 -0.292709
5.456 -1.941 -0.326622
-7.126 -4.771 0.350221
3.734 -6.389 0.485814
1.505 4.143 -0.865750
-9.423 -1.702 -0.062795
-6.134 1.584 0.032822
-6.686 9.010 -0.347576
-7.342 9.344 -0.212251
6.890 9.948 -0.148531
8.176 -2.168 0.389027
6.178 8.174 -0.285716
-5.834 -8.982 -0.358362
-6.344 3.106 0.398345
1.839 -3.116 -0.507245
-9.455 5.582 -0.364260
5.173 4.007 0.157496
9.559 -7.879 -0.057342
0.638 -5.096 -0.710251
-2.626 -9.997 -0.305819
-5.550 -3.244 0.090272
4.960 -1.205 -0.724219
0.495 0.141 3.825463
-6.126 3.949 0.463351
2.042 6.398 0.249887
-3.330 8.088 0.286998
0.364 -5.747 -0.347991
-0.476 -4.375 -0.865199
3.407 6.324 0.436390
5.215 -3.684 0.063692
-2.383 6.137 0.179591
4.584 3.387 -0.386548
-3.943 6.269 0.486792
-5.405 -8.140 -0.138843
5.939 -1.743 -0.060732
-8.884 -7.306 -0.304040
8.694 4.883 -0.208686
-5.441 8.372 -0.212684
-4.288 5.472 0.356722
-3.505 5.559 0.173185
-7.141 -5.184 0.256233
5.366 -9.537 -0.365021
-3.082 6.365 0.401367
-0.572 2.502 0.848403
-2.934 0.291 0.260861
5.049 -8.075 -0.041310
4.516 7.069 0.410391
8.469 -2.994 0.190758
3.445 7.183 0.498944
-0.818 6.424 0.118205
6.340 -2.404 0.281238
-6.971 2.470 0.484987
6.881 5.599 0.237018
-6.851 -9.300 -0.294233
-6.512 0.668 0.159047
-3.097 -8.343 0.225344
-3.342 4.956 -0.201389
6.906 0.281 0.340281
-6.786 -6.960 -0.119863
-5.725 8.654 -0.313825
0.597 1.556 2.389096
-7.756 -2.325 0.479543
4.317 -0.667 -0.861995
8.239 -6.681 -0.349076
-8.304 -1.332 0.403991
-7.437 -6.920 -0.263703
-4.970 -1.643 -0.662392
-8.188 -1.759 0.414152
-2.724 -0.896 0.377050
5.130 -2.414 -0.406239
3.416 1.945 -0.722307
-8.548 -1.815 0.290062
-9.390 -9.702 0.238499
5.846 8.875 -0.351158
0.253 6.277 -0.000858
-6.927 -7.947 -0.341110
5.079 1.882 -0.563091
-3.485 9.428 -0.233405
-5.573 -4.292 0.388116
-9.440 -2.670 -0.153230
-9.202 -4.231 -0.255380
-5.393 -2.774 -0.142928
0.824 -0.901 3.077723
-3.216 -2.956 -0.861998
-6.230 8.724 -0.359062
5.525 8.954 -0.338193
-9.283 -1.357 0.018226
-2.881 -0.788 0.205998
-2.486 7.449 0.509356
-2.633 -4.298 -0.751217
4.660 -8.806 -0.205735
5.457 8.799 -0.309536
7.215 -3.843 0.464325
-1.803 -8.827 0.179248
7.879 2.096 0.468831
2.723 -7.830 0.437326
-3.640 -3.347 -0.787171
-4.194 -7.619 0.306029
8.159 -8.494 -0.240948
-2.107 -5.961 0.024624
-4.119 0.908 -0.834754
-0.016 -7.145 0.424837
-3.766 -6.771 0.513368
-8.494 6.929 -0.364699
5.793 -3.860 0.360265
7.275 8.347 -0.360200
8.688 6.044 -0.346257
1.684 -6.884 0.406373
9.337 2.394 -0.088066
8.252 -4.974 -0.086578
-6.670 -2.473 0.415248
-7.359 -0.907 0.488242
9.618 2.616 -0.207183
-2.720 0.192 0.591045
-2.903 0.389 0.287996
5.709 2.514 -0.028785
8.751 5.232 -0.273267
4.781 5.469 0.457704
-3.561 1.294 -0.636641
-7.159 -8.348 -0.363725
9.494 -0.772 -0.042151
-8.001 2.516 0.410657
-9.789 2.193 -0.227547
-7.363 -2.648 0.511001
-0.605 1.730 2.107825
8.267 1.226 0.419195
-4.938 -5.846 0.512146
8.856 -2.521 0.093421
-2.569 -1.925 -0.086065
-9.230 -9.572 0.200773
3.329 3.681 -0.780744
-8.572 -6.121 -0.339838
3.144 -5.605 0.088888
6.817 -8.905 -0.348147
3.426 -8.448 0.133106
-0.023 1.827 2.117413
8.290 2.695 0.298396
-1.403 2.043 0.993438
2.730 4.142 -0.781409
9.828 -8.020 0.037438
-9.029 -1.572 0.112225
-9.546 -1.864 -0.122338
-7.018 -2.746 0.504175
0.532 4.834 -0.813224
-7.716 -9.425 -0.123555
-1.354 0.985 2.375566
-1.832 -7.559 0.512804
6.874 -2.329 0.456025
-4.546 4.224 -0.050120
3.614 2.161 -0.832997
4.913 5.845 0.511430
-7.610 4.019 0.339487
7.479 -4.354 0.321931
4.748 -1.114 -0.809025
-4.627 9.512 -0.345642
5.389 5.600 0.512942
3.269 -0.125 -0.158773
-2.351 2.245 -0.134088
2.624 5.232 -0.285142
-2.541 -3.215 -0.797337
-7.711 -9.215 -0.174289
-6.101 -2.115 0.107273
8.552 -9.143 -0.015002
4.490 1.549 -0.841630
7.698 -6.332 -0.207154
3.324 -0.782 -0.315676
4.247 -0.861 -0.857596
-9.816 2.920 -0.284538
-2.016 -9.686 -0.182743
-1.241 -6.872 0.368956
-7.111 9.050 -0.302587
-7.922 4.935 0.039327
1.118 -3.415 -0.485686
3.316 -1.831 -0.636185
-4.858 9.615 -0.362105
-9.948 7.091 -0.112180
1.182 -7.501 0.509010
0.149 -4.729 -0.845302
-2.956 -3.764 -0.833468
-2.652 -8.698 0.143149
7.515 4.803 0.217256
4.720 -9.056 -0.277577
0.396 -0.476 3.749171
-5.913 1.349 -0.142798
-3.647 2.054 -0.826048
-0.441 -7.023 0.389064
-4.345 6.628 0.503414
3.281 -5.168 -0.105320
-5.029 2.195 -0.520787
-8.460 -1.353 0.352949
-2.679 -4.944 -0.436428
9.352 7.629 -0.158081
8.321 -7.364 -0.357517
-8.361 -4.584 -0.046307
1.834 -0.988 1.672906
-0.854 -9.161 0.096724
8.174 2.829 0.323709
-2.799 -5.861 0.129664
7.957 8.218 -0.315897
5.450 0.248 -0.539660
4.759 9.349 -0.333686
-3.295 -5.234 -0.063370
-0.328 -0.757 3.561254
-6.996 -1.732 0.442839
0.909 -6.532 0.186272
-2.965 4.542 -0.558235
-8.432 -0.664 0.389216
7.023 8.404 -0.364872
8.693 -8.761 -0.072235
-6.764 8.714 -0.362389
-3.266 2.746 -0.845988
4.205 2.198 -0.842702
8.565 -3.930 0.000518
0.791 -6.269 0.022388
-2.853 -0.442 0.349611
6.252 -1.317 0.066144
-9.001 -6.197 -0.365192
-9.623 2.953 -0.237584
-3.435 -2.983 -0.867559
-4.117 -3.661 -0.507722
0.633 -9.709 -0.123573
5.135 4.844 0.396893
-4.086 -6.645 0.512030
-4.645 -2.453 -0.652871
2.907 -8.522 0.181531
0.435 -6.315 0.029667
-8.817 4.122 -0.124714
7.469 5.538 0.054300
-6.795 -4.022 0.506132
6.142 2.772 0.261269
-6.187 1.014 -0.008742
-0.907 -6.153 -0.040678
8.497 0.150 0.376420
-8.619 -9.880 0.158122
-6.415 3.197 0.431632
7.177 8.270 -0.364915
1.475 -4.323 -0.866567
-8.196 -3.334 0.246402
4.017 1.144 -0.823378
7.264 1.313 0.482500
-2.801 -0.353 0.444045
-0.647 -3.025 0.062586
-9.755 -7.050 -0.168075
4.512 -0.854 -0.864800
-7.764 -2.873 0.440406
-5.474 2.438 -0.191466
-0.576 -6.827 0.313985
7.204 1.058 0.461676
-3.700 -3.755 -0.642939
1.148 -3.023 -0.114142
-6.390 -5.844 0.319972
2.768 -8.592 0.171794
-3.612 -4.236 -0.471463
3.628 5.251 0.062069
5.159 -0.146 -0.698535
-3.711 4.080 -0.503652
3.431 5.164 -0.053586
6.732 -6.644 -0.014322
-5.393 -7.836 -0.036897
-8.472 -0.567 0.378637
1.426 -2.782 0.019218
-2.156 2.030 0.242300
-8.927 9.755 0.184628
-5.566 -6.242 0.417681
-0.920 -6.930 0.372077
-8.267 -7.646 -0.342802
-4.861 -0.609 -0.802208
-0.835 1.229 2.682167
3.951 -0.186 -0.735205
-2.180 3.959 -0.868649
4.246 -0.235 -0.842906
-3.405 8.355 0.173689
-0.914 0.573 3.267762
9.943 5.722 -0.309933
0.584 -2.176 1.377660
5.340 0.936 -0.560102
2.164 -2.925 -0.524219
-1.381 -1.024 2.301201
1.482 -2.404 0.442023
5.264 3.515 0.029595
7.137 4.731 0.354508
5.817 -6.787 0.209166
-7.702 1.522 0.509494
-6.498 -8.671 -0.364428
8.368 0.216 0.415306
2.216 -5.719 -0.097093
1.812 4.280 -0.858853
2.973 -5.234 -0.173331
7.275 1.545 0.491834
6.976 5.093 0.328024
0.114 -0.886 3.488908
3.393 -3.684 -0.763680
1.468 0.649 2.490199
-9.999 -1.172 -0.238250
