Case 1: 36 100 32 75 79 61 25 87 97 78 81 40 27 60 43 70 10 65 8 74 64 35 98 29 44 49 84 88 4 62 26 3 86 73 42 59 37 31 21 46 39 68 41 16 17 28 90 57 67 71 48 63 9 33 96 55 58 89 18 45 47 99 34 82 85 93 6 13 52 14 22 38 76 94 12 30 72 20 83 24 54 66 80 19 23 7 77 1 2 15 51 53 92 5 11 95 69 56 91 50
Case 2: 36 22 8 90 13 16 62 10 66 78 71 31 37 75 97 46 94 55 79 9 81 21 23 40 38 42 87 54 7 83 5 15 80 41 77 58 85 52 63 28 30 43 60 24 98 82 100 69 93 95 1 19 27 86 35 99 47 51 14 92 33 64 11 56 20 89 96 39 3 48 57 34 2 4 6 84 59 61 88 44 49 76 72 12 26 45 68 53 17 18 32 70 73 74 91 50 65 67 25 29
Case 3: 7 28 61 29 32 100 53 99 39 97 1 23 80 92 49 20 21 64 91 62 34 60 5 55 30 57 74 25 95 19 36 52 65 14 27 24 18 71 89 76 90 79 44 6 15 63 68 22 40 17 2 37 35 58 13 11 10 73 51 82 84 38 88 78 67 16 42 69 9 86 12 70 77 81 94 8 85 26 66 41 47 33 48 83 93 3 31 46 43 45 59 72 75 50 54 4 87 96 56 98
Case 4: 97 70 89 56 20 94 78 3 12 29 11 27 100 7 58 99 72 71 79 57 88 43 17 44 19 68 31 84 26 14 48 33 64 38 51 4 24 42 32 37 91 10 54 34 50 23 76 90 63 73 81 21 59 93 95 6 35 39 83 8 96 66 82 52 86 16 62 41 85 69 5 36 28 46 47 61 87 40 9 98 1 18 15 2 22 25 30 55 77 80 53 65 67 92 75 49 45 13 74 60
Case 5: 92 10 29 100 84 19 22 1 38 36 42 63 49 55 79 43 45 2 46 9 98 5 60 4 69 20 23 33 93 35 6 47 52 90 72 27 59 7 91 30 58 81 21 41 75 3 71 85 25 18 53 12 61 51 68 80 17 95 89 77 57 44 39 40 31 32 66 28 96 24 26 64 37 99 13 48 88 62 82 83 76 15 8 97 16 34 65 56 67 86 74 50 11 78 14 70 73 87 94 54
Case 6: 5 55 8 46 29 44 36 58 67 23 85 88 56 80 90 68 70 38 3 65 13 81 19 42 79 39 1 32 48 66 84 28 76 10 63 78 98 17 71 33 64 83 77 21 26 27 54 92 57 93 95 45 47 91 37 49 69 43 59 22 99 7 34 16 87 25 24 60 9 100 2 30 14 94 4 73 41 82 51 74 40 20 50 89 6 86 75 12 72 31 61 62 11 96 18 35 53 52 97 15
Case 7: 80 76 74 83 88 69 36 44 89 28 61 12 68 3 39 52 94 10 62 53 56 37 50 24 49 38 19 9 47 1 71 93 17 2 59 67 13 91 92 41 90 45 78 64 70 77 99 29 26 40 27 46 57 79 100 6 14 16 82 58 60 20 31 85 21 32 23 25 15 18 81 8 51 96 97 7 11 63 42 43 35 54 95 33 75 5 34 72 87 65 98 22 48 84 86 73 66 30 4 55
Case 8: 47 10 21 24 70 65 1 2 41 55 72 52 97 43 91 15 33 44 63 62 51 49 77 28 36 89 81 5 18 61 53 27 74 88 25 22 19 79 64 100 69 16 96 92 23 13 32 38 75 86 93 99 29 98 76 9 6 73 57 68 95 94 40 42 84 87 12 31 26 58 85 90 66 20 78 4 83 71 8 11 37 60 14 30 59 82 46 54 35 3 39 50 45 67 34 80 7 17 56 48
Case 9: 27 89 64 83 16 63 65 85 33 35 50 54 81 69 22 36 87 51 71 32 94 6 42 59 78 8 72 84 30 43 74 3 5 13 9 100 76 79 2 7 37 80 25 53 55 70 73 31 46 60 95 77 15 56 75 40 17 20 47 52 58 62 45 57 91 19 88 34 41 68 96 49 44 48 66 29 61 98 10 11 28 93 21 82 26 92 39 67 97 12 14 86 23 1 24 90 99 38 4 18
Case 10: 92 74 3 29 64 59 15 1 80 94 4 52 90 25 26 2 81 8 75 95 41 69 34 77 97 28 53 7 19 45 18 24 30 82 84 56 85 67 12 38 49 63 39 70 60 79 20 57 93 37 40 31 61 17 6 55 62 11 36 46 96 43 65 32 71 72 14 9 27 68 21 78 83 86 88 33 91 50 54 10 44 89 5 76 87 66 13 22 23 47 35 58 73 98 16 48 42 100 99 51
