100 1000 1000
345 97
687 121
508 765
322 691
607 174
163 814
750 674
319 804
432 869
669 824
326 107
176 210
241 528
287 198
863 706
29 16
914 343
825 46
40 501
696 977
903 544
698 132
190 464
82 467
39 645
198 564
241 66
617 668
370 82
825 509
970 800
504 302
603 124
265 331
929 775
815 265
930 482
856 549
612 780
725 970
129 131
127 833
38 386
107 204
834 652
531 945
425 720
840 462
343 427
295 179
159 486
371 666
287 169
66 959
131 867
8 996
152 424
622 196
205 314
404 473
385 895
348 188
741 637
497 38
109 925
20 518
457 914
714 113
149 537
988 983
128 559
353 735
399 568
931 680
701 425
181 161
882 481
711 532
639 310
591 665
508 567
568 677
750 715
316 310
262 467
624 907
929 334
776 735
0 152
61 917
162 198
241 521
490 566
870 729
309 141
626 6
190 786
560 182
440 665
836 55

100 1000 1000
741 857
681 949
60 990
271 48
659 189
44 795
225 434
305 365
216 521
306 726
623 650
234 31
915 498
170 961
608 650
793 179
12 876
209 522
793 764
165 820
919 762
932 340
470 108
219 71
170 523
53 137
449 201
497 798
10 629
595 400
331 144
626 813
606 385
223 914
804 683
970 228
427 905
270 773
949 988
486 523
302 911
166 245
599 544
90 870
177 854
789 553
634 796
902 913
95 522
26 664
38 685
588 14
142 874
689 715
653 541
530 959
604 825
459 259
93 805
877 903
159 535
732 406
478 837
104 471
689 906
473 448
118 822
45 486
123 197
42 515
782 294
897 918
705 892
34 855
422 696
845 587
68 105
422 610
95 614
376 44
168 372
648 141
139 260
823 718
7 419
744 922
538 151
528 971
275 955
753 102
17 574
638 912
65 159
416 277
863 592
984 750
626 302
716 17
136 16
992 611

100 1000 1000
267 505
429 615
799 663
280 991
623 604
761 745
313 645
819 960
203 358
758 656
894 611
848 478
787 25
543 813
882 754
546 899
483 491
820 206
913 964
671 941
361 442
230 246
155 497
813 316
54 319
255 985
37 629
547 207
156 887
76 927
620 982
136 81
541 840
864 504
173 303
73 555
417 288
89 210
391 830
964 662
824 141
794 375
824 982
48 219
874 712
20 960
5 327
803 486
435 286
799 451
873 576
784 129
613 240
821 698
546 459
7 973
555 670
224 398
250 328
241 91
388 73
840 908
697 797
975 212
731 581
148 983
716 790
18 524
287 348
134 175
879 318
335 999
338 29
953 26
523 498
609 701
986 765
549 968
558 510
739 450
834 161
196 168
409 540
590 899
411 674
292 303
858 717
992 842
894 294
402 959
319 910
351 224
794 381
394 529
396 704
836 690
724 6
983 10
602 331
23 710

100 1000 1000
798 26
845 672
894 550
148 378
990 288
760 30
524 357
263 665
44 680
436 119
487 465
663 454
750 312
366 707
412 985
178 243
302 432
102 68
130 359
900 44
498 582
763 272
226 487
59 60
11 223
231 728
582 257
213 94
570 23
434 122
903 236
96 554
415 195
129 152
393 64
460 577
393 758
377 911
725 327
110 278
341 526
152 537
370 191
458 997
682 568
825 581
872 669
742 526
669 573
18 573
769 171
235 540
694 615
650 310
789 281
178 953
516 647
270 868
281 962
966 375
422 382
672 544
796 715
409 605
968 363
674 647
761 564
222 268
55 703
593 824
395 342
415 812
328 64
3 237
418 380
696 212
968 387
925 670
149 718
371 7
789 317
234 91
341 509
870 188
175 314
772 677
990 408
893 354
677 802
266 622
624 635
793 584
66 253
27 811
88 606
233 40
920 934
121 82
689 119
753 759

100 1000 1000
120 227
38 557
699 701
542 168
32 363
726 135
946 296
525 601
574 865
181 486
501 157
788 48
782 457
782 466
987 626
836 476
2 966
2 80
648 349
484 352
971 736
343 87
373 254
819 200
920 385
671 883
221 324
948 673
103 882
686 752
827 637
741 191
567 67
769 531
168 806
225 355
641 918
362 720
898 573
725 825
369 195
479 381
552 643
817 381
191 683
591 912
274 879
741 998
869 20
522 124
7 693
400 666
768 863
787 468
923 901
743 10
767 688
670 559
738 237
89 679
717 348
747 582
866 189
504 608
802 593
678 5
175 221
830 804
444 62
645 907
853 267
234 856
792 473
538 131
27 404
916 633
400 582
958 331
609 522
352 241
835 767
938 516
890 451
191 118
808 965
987 333
770 553
953 493
496 172
458 537
79 25
301 872
592 839
519 129
189 211
998 945
805 538
292 665
780 351
352 520

100 1000 1000
365 27
884 713
757 14
570 355
974 156
506 352
554 98
174 61
424 581
546 673
29 441
807 800
594 387
225 860
8 475
38 692
198 191
432 412
309 290
148 701
158 748
102 614
53 263
855 429
926 492
116 322
756 774
538 715
719 274
36 503
884 494
161 408
961 411
282 259
189 606
407 824
617 75
634 291
387 483
316 767
173 266
654 577
204 625
606 898
473 436
727 128
451 720
492 210
678 591
43 747
304 828
189 582
169 692
37 753
836 895
658 899
80 550
282 924
683 50
815 856
788 800
907 470
490 317
988 737
417 179
413 564
95 940
260 394
60 426
540 565
151 216
901 743
400 799
209 254
173 695
888 658
900 568
417 661
195 565
732 393
618 842
577 67
884 775
303 718
316 118
331 752
500 22
719 722
990 417
867 390
192 846
411 408
153 956
856 560
497 120
463 411
25 460
746 543
789 546
335 833

100 1000 1000
803 564
211 950
575 528
915 617
751 30
244 81
871 641
890 775
199 865
109 429
62 494
574 325
493 196
419 208
74 581
822 793
487 569
417 43
220 62
945 712
485 69
350 13
138 597
750 517
796 741
616 724
969 572
320 702
445 691
854 949
480 321
883 6
914 687
530 60
546 72
184 120
506 388
953 800
334 348
277 635
537 247
308 37
32 358
670 463
410 334
593 107
743 591
501 653
730 688
362 220
807 118
607 782
28 646
844 722
272 640
415 487
122 527
877 955
274 971
189 775
494 734
676 166
748 60
843 946
894 622
11 410
792 876
902 143
47 193
366 255
971 70
25 463
767 1
828 194
189 642
98 893
639 38
221 598
649 783
937 454
199 753
336 449
700 870
614 744
453 654
94 543
920 617
360 992
112 312
163 673
947 984
539 638
362 85
314 479
274 659
730 518
814 94
10 349
201 799
686 153

100 1000 1000
655 136
150 925
817 900
798 588
317 579
907 238
985 195
778 599
20 723
591 882
189 973
827 306
945 142
672 794
176 419
709 775
957 230
949 668
831 127
639 807
908 937
370 668
151 647
0 193
810 813
445 273
902 383
221 755
908 668
776 391
503 130
465 42
711 275
866 447
808 620
571 498
985 267
624 406
32 767
521 137
30 434
824 57
390 403
562 629
855 398
803 951
208 182
328 688
636 619
625 391
595 79
203 341
753 402
289 94
155 626
306 712
290 148
904 566
312 659
360 258
777 68
457 415
585 734
594 539
495 831
441 300
982 587
7 315
727 985
217 37
784 678
245 494
303 57
943 62
853 892
840 269
242 900
266 720
338 263
214 926
423 959
763 638
965 544
373 166
526 76
813 741
859 487
86 361
357 955
897 478
347 752
557 323
391 123
776 935
174 896
531 272
391 594
645 329
9 790
82 736

100 1000 1000
606 550
502 105
322 207
765 490
580 906
335 467
867 680
520 910
733 924
26 61
742 606
275 771
681 18
845 702
527 221
837 160
0 962
734 498
794 633
75 148
671 197
260 558
690 557
594 553
86 28
613 563
160 745
100 972
678 522
670 277
664 114
197 144
314 883
982 949
364 675
998 109
702 127
22 1
299 849
831 869
375 380
887 775
492 519
784 930
342 145
452 244
506 389
913 895
524 895
210 419
596 361
637 976
787 476
936 189
918 871
144 979
96 141
486 285
271 40
24 264
738 673
548 253
880 551
855 238
177 535
204 539
259 831
756 911
408 770
129 235
442 848
368 95
587 15
545 556
501 477
647 686
503 109
333 354
285 750
818 776
135 879
770 396
63 341
771 378
626 755
759 392
977 589
725 467
23 659
748 510
394 172
394 411
852 1000
208 264
695 720
455 403
360 692
676 216
723 526
223 877

100 1000 1000
336 718
205 106
894 550
359 905
154 475
539 470
841 54
136 482
98 314
598 162
555 106
342 582
183 16
304 216
95 872
577 996
746 899
405 286
711 506
275 784
570 143
649 220
259 166
400 243
400 562
949 892
781 139
974 335
717 642
738 218
574 242
950 94
695 549
845 713
683 141
664 512
965 563
833 948
952 931
631 866
488 472
994 227
966 163
704 986
176 575
607 35
961 620
319 361
333 874
241 155
536 991
575 326
604 850
338 297
488 884
134 287
665 49
696 140
174 903
810 154
146 834
836 619
794 833
114 18
120 883
598 521
939 232
245 233
332 396
965 317
643 944
668 278
606 252
102 740
208 460
957 27
256 656
837 643
557 621
361 115
149 541
943 648
295 365
36 331
829 813
535 988
603 613
319 641
293 786
484 858
546 526
732 352
239 290
577 655
467 44
269 1
87 295
590 571
688 534
965 17

