Case 1: 100 36 32 75 79 61 25 87 40 78 81 97 60 27 43 8 64 70 10 98 62 44 29 84 65 74 35 4 3 59 46 86 49 41 88 73 26 42 37 39 31 68 48 28 17 67 16 21 90 57 71 96 63 58 9 55 89 33 85 45 18 99 34 82 47 93 22 6 13 52 94 30 14 12 24 72 38 83 76 20 54 19 66 80 23 2 7 77 15 51 1 11 53 92 95 69 5 91 56 50
Case 2: 36 8 90 22 13 78 62 66 16 10 31 71 37 97 75 46 9 38 94 79 81 21 40 42 55 23 87 15 54 77 83 28 80 41 7 5 58 52 30 24 60 43 85 19 86 63 98 82 100 69 35 1 27 93 95 99 48 96 51 47 20 14 89 92 56 64 3 57 33 39 11 4 2 84 34 6 59 61 88 44 76 72 45 49 53 26 68 18 17 91 12 70 74 25 73 32 67 50 65 29
Case 3: 7 28 29 61 32 99 100 39 53 23 97 92 1 60 80 91 21 62 52 64 49 34 20 30 55 57 5 74 65 27 25 71 19 14 95 36 76 18 90 89 24 15 63 44 79 2 40 17 68 6 13 88 35 22 11 51 58 37 73 82 10 12 67 84 78 94 70 69 38 16 66 85 81 9 86 42 8 41 77 33 26 48 47 83 3 46 93 31 45 75 50 59 43 72 54 96 4 87 98 56
Case 4: 97 70 89 56 78 94 3 20 27 29 12 58 100 11 7 99 72 57 79 88 71 17 68 43 44 84 19 26 31 33 38 48 24 4 91 14 54 51 34 37 64 42 76 10 32 59 90 23 63 73 21 50 6 39 81 93 95 35 96 16 83 8 52 82 69 66 1 41 85 62 5 86 36 46 61 87 28 47 40 25 9 15 98 18 55 30 2 22 53 80 77 67 92 75 49 65 74 13 45 60
Case 5: 92 10 29 100 84 19 1 22 38 63 42 49 36 43 79 55 45 46 2 9 98 20 60 35 69 33 4 6 5 93 23 90 47 91 52 27 72 58 59 41 21 85 7 75 30 18 81 3 51 71 12 61 95 89 53 68 25 80 17 57 77 40 31 44 66 24 39 99 26 88 37 96 32 64 13 28 48 62 83 82 76 8 16 15 67 65 34 56 97 74 86 78 11 14 50 70 73 87 94 54
Case 6: 5 55 8 46 44 29 58 36 67 23 80 90 56 68 88 85 70 38 3 81 79 13 65 39 32 48 19 1 28 76 84 42 64 10 63 71 78 83 33 98 66 91 57 77 93 17 21 26 54 45 92 49 47 99 69 95 43 37 34 22 27 16 87 7 59 60 24 25 2 9 14 100 94 4 41 30 74 73 51 82 6 20 50 86 31 40 12 75 72 61 89 11 62 96 18 35 52 53 97 15
Case 7: 80 74 76 83 88 69 36 44 89 61 68 28 12 39 52 3 94 10 62 56 53 37 38 49 24 9 50 19 67 1 47 17 59 41 2 71 93 92 13 90 78 77 46 27 26 45 91 64 14 57 99 29 40 70 82 79 21 85 6 100 60 31 16 20 58 25 81 32 8 18 15 63 23 96 97 7 51 42 54 11 43 34 35 95 33 75 72 48 87 98 5 65 66 22 84 86 30 73 4 55
Case 8: 47 24 10 70 65 21 55 52 72 2 1 43 41 97 91 33 44 62 63 81 15 89 28 61 88 18 19 49 51 27 36 53 74 5 77 79 100 25 96 64 22 16 32 86 29 69 38 23 75 92 98 73 95 9 93 76 99 13 42 6 40 68 84 58 57 12 87 66 20 26 8 94 90 83 4 85 71 78 31 37 14 82 59 30 11 60 46 54 45 35 39 50 3 80 67 34 17 7 56 48
Case 9: 89 64 27 83 63 16 65 85 50 33 54 81 35 69 22 87 51 71 94 6 36 32 59 42 84 72 74 78 8 30 3 43 5 76 13 2 37 70 100 80 9 7 53 79 25 55 31 46 73 52 95 75 40 15 60 77 20 91 17 56 47 58 62 34 19 98 88 66 57 61 49 45 44 28 21 96 11 68 48 29 93 97 41 10 26 82 92 86 14 39 12 67 23 1 24 90 99 4 38 18
Case 10: 74 92 64 3 59 29 15 4 52 94 1 80 25 90 53 75 95 8 2 81 41 26 69 34 19 7 45 97 28 77 38 84 82 18 67 56 24 30 49 63 12 85 57 60 20 17 79 70 40 55 39 31 37 61 6 93 11 62 32 96 71 72 46 86 88 36 65 14 27 9 83 68 43 21 91 54 33 50 89 44 78 87 5 13 10 66 22 58 76 35 23 47 98 73 16 48 42 100 99 51
